Wyoming = [ 29, 51, 41, 32, 47, 15, 41, 37, 69, 36, 42, 59, 28, 41, 39, 32, 38, 32, 41, 39, 46, 52, 47, 52, 48, 58, 45, 43, 42, 43, 59, 48, 40, 32, 43, 55, 32, 36, 33, 52, 35, 38, 38, 45, 41, 41, 46, 40, 40, 12, 48, 44, 40, 70, 29, 48, 45, 40, 39, 41, 30, 75, 34, 73, 62, 10, 32, 50, 50, 42, 19, 48, 51, 61, 40, 37, 40, 30, 35, 28, 50, 40, 40, 32, 40, 10, 50, 46, 40 ];
Alabama = [ 32, 15, 46, 35, 41, 59, 41, 42, 35, 38, 38, 44, 44, 38, 48, 53, 40, 30, 38, 37, 37, 39, 37, 39, 46, 38, 32, 52, 58, 80, 61, 70, 30, 42, 35, 14, 34, 30, 30, 34, 42, 48, 36, 46, 80, 40, 30, 25, 8, 37, 24, 49, 53, 65, 46, 41, 40, 65, 20, 30, 81, 60, 34, 91, 21, 22 ];
Ohio = [ 22, 41, 41, 66, 48, 48, 46, 45, 49, 51, 53, 53, 55, 48, 50, 51, 51, 47, 48, 45, 46, 61, 56, 61, 76, 53, 53, 54, 64, 56, 48, 40, 45, 47, 49, 54, 48, 53, 60, 45, 49, 50, 49, 37, 53, 80, 48, 45, 45, 48, 55, 51, 46, 47, 52, 40, 49, 48, 45, 80, 50, 51, 53, 54, 65, 30, 56, 72, 47, 60, 76, 47, 51, 34, 60, 52, 56, 56, 48, 48, 47, 51, 60, 55, 20, 50, 41, 51, 54, 48, 55, 50, 40, 53 ];
Florida = [ 21, 20, 47, 41, 55, 48, 49, 29, 45, 47, 56, 51, 27, 59, 49, 52, 51, 48, 51, 53, 46, 58, 64, 55, 40, 52, 52, 58, 50, 53, 58, 47, 51, 50, 72, 35, 54, 49, 13, 48, 41, 62, 51, 50, 55, 51, 45, 49, 52, 35, 44, 60, 48, 54, 67, 53, 44, 50, 52, 32, 55, 51, 52, 45, 51, 54, 12, 15, 28, 57, 40, 5, 46, 66, 30, 46 ];
Arizona = [ 27, 51, 68, 18, 54, 22, 51, 53, 43, 49, 61, 56, 46, 40, 39, 55, 56, 46, 59, 33, 51, 56, 57, 52, 38, 53, 53, 53, 43, 32, 67, 51, 47, 53, 73, 40, 54, 51, 36, 50, 47, 46, 77, 41, 50, 53, 51, 47, 55, 34, 62, 69, 30, 46, 49, 50, 52, 52, 52, 49, 15, 17, 48, 55, 33, 50, 53, 52, 70, 53, 54, 43, 48, 47, 50, 47, 60, 60, 60, 60, 50, 57, 52, 29, 48, 45, 61, 70, 51, 48, 48, 24, 30, 49, 38, 50, 40, 40, 52, 49, 80, 41, 42 ];
Iowa = [ 30, 26, 51, 41, 14, 51, 20, 51, 42, 48, 46, 49, 44, 47, 37, 30, 53, 56, 63, 39, 49, 29, 34, 49, 51, 49, 49, 55, 68, 54, 60, 52, 58, 48, 55, 59, 35, 49, 56, 51, 45, 49, 48, 47, 47, 65, 58, 51, 94, 55, 48, 70, 62, 44, 50, 48, 45, 22, 72, 23, 38, 46, 34, 45, 25, 46, 30, 46, 51, 56, 50, 18, 53, 52, 51, 50, 44, 40, 50, 50, 45, 25, 50, 30, 50, 36, 47, 44, 49, 45, 57, 44, 55, 45, 40, 70, 26, 20, 50, 60, 60, 49, 46, 41, 13, 64, 48, 39 ];
WestVirginia = [ 19, 30, 48, 23, 44, 30, 46, 55, 37, 50, 44, 40, 45, 58, 25, 40, 33, 52, 41, 35, 41, 43, 34, 48, 52, 55, 53, 45, 38, 40, 36, 35, 37, 51, 47, 44, 20, 62, 30, 52, 48, 33, 41, 25, 44, 53, 52, 59, 83, 35, 58, 25, 57, 22, 42, 30, 46, 70, 36, 54, 61, 42, 75, 46, 54, 45, 47, 35, 53, 20, 30, 25, 69, 48, 44, 34, 60, 23, 20, 43, 30, 69, 61, 54, 51, 47, 34, 30, 30 ];
Nevada = [ 31, 32, 74, 49, 65, 30, 18, 57, 44, 48, 53, 54, 36, 43, 65, 44, 45, 43, 56, 57, 51, 52, 45, 53, 48, 43, 50, 56, 59, 53, 64, 68, 63, 55, 60, 53, 70, 53, 55, 64, 54, 52, 43, 51, 45, 60, 62, 27, 61, 51, 52, 51, 45, 29, 61, 57, 56, 47, 55, 68, 52, 52, 54, 55, 51, 47, 11, 40, 60, 48, 43, 40, 81, 53, 54, 60, 51, 64, 47, 51, 67, 35, 52, 51, 40, 40, 35, 53, 56, 48, 47, 30, 30, 55, 51, 52, 53, 70, 36, 40, 50, 42, 35, 38, 60, 24, 48, 59, 52, 45, 63, 53, 51 ];
Hawaii = [ 25, 58, 52, 77, 33, 70, 61, 41, 50, 60, 37, 60, 70, 60, 60, 39, 61, 16, 66, 59, 63, 66, 56, 58, 14, 55, 53, 53, 50, 52, 65, 39, 60, 72, 64, 75, 71, 52, 70, 59, 81, 62, 42, 52, 57, 89, 81, 59, 58, 63, 56, 40, 55, 58, 59, 75, 70, 80, 46, 59, 58, 45, 51, 85, 81, 66, 65, 71, 57, 81, 48, 57, 54, 22, 63, 82, 61, 20, 50, 39, 81, 65, 54, 70, 72, 43, 61 ];
NewYork = [ 25, 78, 64, 66, 52, 65, 27, 63, 60, 58, 55, 43, 54, 45, 65, 67, 60, 75, 77, 52, 84, 54, 65, 61, 61, 56, 75, 70, 68, 53, 60, 89, 49, 35, 56, 50, 76, 79, 77, 61, 62, 62, 63, 21, 15, 18, 59, 65, 52, 88, 32, 42, 59 ];
Georgia = [ 29, 35, 78, 47, 49, 38, 61, 48, 47, 65, 40, 40, 54, 44, 46, 58, 48, 52, 40, 49, 53, 46, 59, 49, 30, 50, 52, 47, 48, 20, 46, 50, 20, 49, 50, 17, 49, 36, 55, 61, 57, 59, 48, 68, 50, 35, 40, 15, 52, 48, 51, 30, 60, 40, 43, 45, 40, 41, 55, 49, 50, 33, 59, 13, 51, 57, 47, 34, 65, 46, 70, 46, 51, 61, 50, 30, 62, 51, 50, 54, 45, 82, 62, 30, 43 ];
Massachusetts = [ 36, 51, 37, 55, 35, 58, 61, 60, 54, 52, 66, 55, 35, 54, 42, 59, 62, 60, 49, 52, 64, 38, 56, 56, 73, 45, 63, 60, 61, 68, 63, 52, 70, 65, 67, 21, 58, 72, 56, 55, 76, 67, 38, 59, 58, 84, 68, 72, 68, 57, 60, 58, 56, 37, 70, 80, 70, 73, 45, 83, 27, 73, 80, 69, 46, 66, 58, 54, 60, 70, 29, 65, 46, 16, 25, 31, 70, 65, 77, 61, 47, 61 ];
SouthCarolina = [ 47, 15, 51, 61, 47, 45, 53, 40, 42, 60, 53, 45, 46, 52, 61, 48, 47, 48, 46, 58, 51, 47, 56, 48, 52, 49, 43, 57, 40, 46, 46, 42, 42, 42, 43, 45, 47, 14, 42, 45, 18, 51, 49, 52, 91, 47, 35, 21, 59, 42, 49, 47, 55, 35, 14, 46, 37, 55, 46, 35, 70, 45, 45, 60, 20, 43, 43, 30, 38, 52, 48, 33, 37, 50, 55, 57, 41, 70, 48, 37, 46, 40, 60, 73, 26, 25, 54, 65, 38, 30, 46, 67, 25, 40 ];
Kentucky = [ 49, 31, 45, 46, 48, 38, 66, 45, 62, 29, 32, 32, 30, 45, 51, 43, 38, 60, 44, 52, 45, 44, 49, 55, 42, 46, 65, 55, 6, 56, 40, 35, 44, 40, 38, 53, 45, 42, 18, 48, 35, 59, 36, 39, 65, 59, 41, 44, 42, 15, 59, 42, 62, 23, 30, 46, 84, 26, 40, 52, 48, 48, 47, 51, 39, 37, 25, 33, 20, 38, 42, 48, 58, 45, 60, 48, 40, 37, 40, 15, 28, 20, 36, 50, 70, 45, 60, 40, 31, 53, 65, 35 ];
Oklahoma = [ 48, 43, 31, 48, 45, 36, 44, 38, 40, 54, 35, 43, 42, 40, 42, 47, 45, 43, 43, 47, 63, 44, 64, 46, 34, 55, 48, 30, 35, 37, 34, 47, 20, 21, 35, 47, 42, 30, 72, 65, 54, 55, 55, 42, 51, 42, 37, 11, 42, 33, 42, 40, 50, 35, 50, 45, 46, 52, 39, 43, 39, 46, 39, 76, 39, 37, 39, 47, 44, 48, 49, 65, 35, 32, 30, 69, 58, 20, 70, 40, 59, 49, 7, 59, 38, 39 ];
DC = [ 56, 63, 58, 71, 75, 60, 60, 87, 73, 37, 49, 63, 60, 63, 23, 59, 66, 65, 50, 65, 51, 39, 74, 75, 85, 51, 45, 29, 83, 38, 59, 57, 53, 92, 85, 58, 62, 83, 45, 85, 60, 55, 76, 72, 75, 47, 57, 68, 38, 90, 72, 79, 54, 21, 80, 50, 91, 35, 50, 70, 80, 39, 88, 55, 57 ];
NorthCarolina = [ 49, 25, 37, 53, 45, 46, 30, 54, 48, 63, 45, 40, 45, 53, 52, 48, 57, 44, 52, 53, 48, 48, 54, 40, 53, 39, 51, 51, 46, 54, 52, 54, 65, 52, 52, 35, 49, 41, 53, 49, 45, 35, 40, 48, 47, 47, 31, 70, 50, 53, 49, 55, 48, 54, 52, 65, 70, 55, 50, 41, 42, 33, 44, 56, 43, 41, 51, 52, 35, 43, 50, 59, 51, 72, 47, 61, 45, 47, 59, 32, 20, 48, 65, 49, 49, 55, 19, 40 ];
Texas = [ 29, 27, 48, 17, 35, 46, 45, 47, 40, 49, 47, 51, 51, 46, 56, 51, 40, 59, 60, 50, 49, 49, 52, 47, 23, 51, 35, 71, 45, 55, 47, 35, 24, 67, 40, 49, 45, 46, 48, 31, 43, 45, 53, 54, 74, 47, 40, 54, 48, 35, 56, 45, 33, 20, 45, 22, 55, 25, 52 ];
Pennsylvania = [ 71, 57, 27, 55, 52, 65, 42, 54, 56, 47, 54, 57, 51, 34, 58, 53, 56, 52, 51, 54, 39, 54, 52, 51, 62, 49, 60, 53, 52, 69, 55, 54, 53, 48, 50, 49, 50, 44, 57, 51, 45, 36, 90, 48, 44, 53, 51, 53, 55, 49, 51, 40, 65, 62, 42, 53, 89, 80, 52, 53, 47, 81, 56, 60, 52, 57, 35, 54, 40, 69, 50, 53, 46, 45, 60, 30, 50, 70, 48, 58 ];
California = [ 58, 61, 55, 60, 65, 60, 71, 63, 53, 60, 34, 63, 70, 53, 92, 61, 75, 79, 65, 57, 17, 60, 57, 38, 12, 92, 64, 67, 50, 64, 65, 58, 45, 25, 40, 16, 93, 64, 40, 53 ];
